176 4279
490
540 152 3788 1
541 148 3040 1
543 2 3552 1
543 15 3764 1
545 75 1925 1
545 115 1087 1
549 174 2281 1
550 67 4263 1
550 106 4173 1
551 30 1746 1
553 174 2281 0
557 82 1489 1
558 136 1630 1
558 153 1275 1
559 86 4173 1
564 47 1390 1
565 106 4173 0
566 4 3825 1
568 24 3504 1
568 29 3027 1
570 12 2390 1
572 142 3915 1
572 90 3915 1
574 1 1041 1
574 144 1409 1
576 7 2005 1
577 152 3788 0
577 84 2542 1
578 153 1275 0
578 47 1390 0
579 2 3552 0
579 132 69 1
579 174 3303 1
581 4 3825 0
583 32 4263 1
583 148 3040 0
585 9 2187 1
587 106 2606 1
590 7 2005 0
591 171 2187 1
592 15 3764 0
600 141 1489 1
601 173 1019 1
604 17 720 1
606 61 260 1
607 90 3915 0
608 26 2099 1
611 111 2327 1
611 15 3013 1
614 156 3013 1
618 143 585 1
618 7 3363 1
621 142 3915 0
622 173 1019 0
622 156 3013 0
622 1 1041 0
624 76 3361 1
626 32 4263 0
627 61 260 0
627 1 2005 1
629 65 2327 1
634 134 764 1
634 52 2099 1
635 74 4073 1
635 144 1409 0
640 119 955 1
640 7 3363 0
646 167 2542 1
646 67 4263 0
647 142 1489 1
648 12 2390 0
648 141 1489 0
649 75 1925 0
649 7 720 1
650 90 2879 1
652 61 2542 1
652 82 1489 0
655 87 1390 1
655 136 1630 0
655 153 2879 1
659 147 3552 1
660 4 2327 1
662 132 69 0
663 171 2187 0
664 12 1675 1
670 48 1675 1
671 154 69 1
671 109 4276 1
673 122 2469 1
673 74 4073 0
674 30 1746 0
675 2 1390 1
675 173 2591 1
678 76 3361 0
679 30 585 1
679 7 720 0
680 9 2187 0
685 1 2005 0
687 120 1993 1
691 134 764 0
692 32 270 1
692 36 1746 1
697 111 2327 0
697 114 1956 1
697 81 2542 1
697 143 585 0
698 171 1226 1
700 134 4273 1
701 170 2573 1
703 76 612 1
705 12 1675 0
708 148 2281 1
710 116 69 1
710 43 1993 1
712 122 2469 0
713 4 2327 0
715 1 1630 1
719 136 566 1
721 144 764 1
721 9 2005 1
722 75 2606 1
722 47 3764 1
728 26 2099 0
729 36 1746 0
733 173 2591 0
737 47 3764 0
738 142 1489 0
738 162 2184 1
739 174 3303 0
741 116 69 0
746 43 1993 0
746 34 4073 1
746 120 1993 0
747 171 1226 0
747 92 492 1
747 173 1489 1
749 29 3027 0
753 170 2573 0
754 9 2005 0
755 7 424 1
756 122 3027 1
757 144 764 0
757 73 585 1
758 74 1049 1
758 76 612 0
762 26 492 1
765 1 1630 0
767 30 585 0
767 101 720 1
768 111 3363 1
771 170 566 1
772 73 585 0
772 34 4073 0
776 132 3730 1
776 114 1956 0
777 34 407 1
778 54 1390 1
779 173 1489 0
782 120 4073 1
783 9 1630 1
784 76 1630 1
786 106 2606 0
786 109 4276 0
787 73 3552 1
789 152 4073 1
789 162 2184 0
791 106 3303 1
791 153 2879 0
794 4 2281 1
797 143 1128 1
797 84 2542 0
798 30 1489 1
798 7 424 0
799 74 1049 0
803 144 3811 1
804 129 3552 1
806 7 1049 1
818 170 566 0
818 9 1630 0
818 122 3027 0
823 101 720 0
824 148 2281 0
824 9 1171 1
828 106 3303 0
829 129 3552 0
830 109 2281 1
832 12 1925 1
833 67 2099 1
834 142 2606 1
836 73 3552 0
838 147 3552 0
839 115 1087 0
842 12 1925 0
844 101 351 1
845 106 3788 1
846 67 2099 0
848 74 260 1
851 113 1630 1
854 34 407 0
855 92 492 0
855 48 1675 0
856 129 69 1
856 162 492 1
857 54 1390 0
858 92 1226 1
860 114 2573 1
863 136 566 0
863 4 2281 0
863 34 3811 1
866 134 4273 0
868 119 955 0
869 84 2952 1
870 81 2542 0
870 148 4263 1
872 26 492 0
873 16 1230 1
875 9 1171 0
878 34 3811 0
878 113 1630 0
879 87 1390 0
882 16 1230 0
882 1 1019 1
882 139 2099 1
882 18 1415 1
883 173 2952 1
883 171 2879 1
883 84 2952 0
884 134 235 1
886 7 1049 0
887 82 1630 1
887 67 720 1
892 84 3504 1
894 109 2281 0
894 142 2606 0
896 86 4173 0
899 4 3730 1
899 34 1087 1
900 81 351 1
902 34 1087 0
903 171 2879 0
904 92 1226 0
906 90 2879 0
908 87 2072 1
908 141 1489 1
912 76 1630 0
912 162 492 0
917 159 3040 1
917 1 1019 0
917 134 235 0
919 67 720 0
922 34 260 1
922 92 2606 1
925 111 3363 0
928 7 3811 1
929 156 566 1
930 139 2099 0
930 29 69 1
931 144 3811 0
931 162 1128 1
932 75 2606 0
934 136 4273 1
934 148 4263 0
935 132 3730 0
936 65 2327 0
937 173 2952 0
938 173 2879 1
939 81 351 0
942 159 3040 0
944 29 69 0
946 174 2187 1
946 173 2879 0
948 86 3542 1
950 36 69 1
951 9 1409 1
951 101 351 0
952 143 1128 0
952 173 3040 1
953 54 3730 1
954 122 2099 1
958 36 69 0
958 111 1019 1
961 174 2187 0
964 154 69 0
965 1 3040 1
967 54 3730 0
967 122 2099 0
968 152 4073 0
968 154 260 1
972 152 1489 1
972 17 720 0
978 167 2542 0
981 106 3788 0
982 173 3040 0
982 170 1675 1
983 86 3542 0
985 154 260 0
985 162 1128 0
986 101 2606 1
986 142 2677 1
987 75 2952 1
989 120 4073 0
990 106 612 1
991 152 1489 0
992 174 1087 1
993 65 407 1
996 32 270 0
1001 122 3027 1
1002 9 1409 0
1002 26 1087 1
1003 159 3764 1
1003 115 3811 1
1006 36 2606 1
1008 148 509 1
1009 120 2184 1
1010 16 214 1
1012 167 1489 1
1012 156 566 0
1012 143 3542 1
1013 74 260 0
1013 144 3764 1
1013 170 1675 0
1014 173 4073 1
1019 37 1409 1
1019 101 2606 0
1019 18 1415 0
1019 16 214 0
1020 173 4073 0
1022 139 2005 1
1023 2 1390 0
1024 34 260 0
1024 73 250 1
1025 174 1087 0
1026 87 2072 0
1029 84 3504 0
1029 114 2573 0
1031 173 764 1
1031 17 4273 1
1032 132 1409 1
1033 17 4273 0
1034 156 2677 1
1035 47 720 1
1036 1 3040 0
1037 4 3730 0
1040 65 407 0
1041 147 1128 1
1041 111 1019 0
1043 48 1226 1
1044 167 1489 0
1044 84 2187 1
1044 29 3764 1
1046 167 566 1
1046 148 509 0
1046 82 1630 0
1047 143 3542 0
1049 30 1489 0
1049 43 3814 1
1050 24 3504 0
1051 76 3027 1
1052 173 764 0
1055 74 1171 1
1056 144 3764 0
1059 32 720 1
1060 101 3814 1
1060 120 2184 0
1061 1 3303 1
1061 76 3027 0
1061 84 2187 0
1063 67 2542 1
1065 153 4276 1
1065 101 3814 0
1071 148 2281 1
1072 2 4263 1
1075 170 260 1
1077 134 3542 1
1077 76 407 1
1082 34 3825 1
1083 143 1710 1
1085 106 612 0
1085 29 3764 0
1088 2 4263 0
1089 171 2573 1
1090 43 3814 0
1096 36 2606 0
1097 29 612 1
1098 171 2573 0
1100 61 2542 0
1100 173 4273 1
1106 2 2072 1
1106 129 69 0
1110 43 1415 1
1112 67 2542 0
1113 67 3764 1
1116 167 566 0
1117 24 3013 1
1117 156 2677 0
1118 65 585 1
1119 32 720 0
1120 173 4273 0
1124 30 1229 1
1125 152 235 1
1126 153 4276 0
1127 81 566 1
1128 154 1409 1
1128 142 2677 0
1129 16 3542 1
1133 90 2606 1
1133 76 407 0
1134 75 2952 0
1134 52 2099 0
1135 134 3542 0
1137 156 3303 1
1138 76 2542 1
1139 152 235 0
1140 82 2281 1
1142 81 566 0
1144 26 1087 0
1146 82 2281 0
1147 153 1171 1
1148 74 1171 0
1152 115 3811 0
1153 171 1049 1
1155 37 1409 0
1155 61 3363 1
1157 101 2327 1
1157 24 3013 0
1160 90 2606 0
1160 141 1489 0
1160 73 250 0
1164 1 3303 0
1169 48 1226 0
1169 65 585 0
1171 101 2327 0
1171 132 1409 0
1171 111 492 1
1176 1 3788 1
1179 129 3915 1
1179 92 2606 0
1181 7 3811 0
1181 36 1415 1
1182 129 3915 0
1182 156 3303 0
1184 18 2187 1
1184 92 2327 1
1185 2 2072 0
1185 111 492 0
1189 52 1415 1
1189 92 2327 0
1190 136 4273 0
1191 147 1128 0
1192 76 2542 0
1194 153 1171 0
1197 16 3542 0
1197 154 1409 0
1198 30 1229 0
1198 9 2184 1
1199 74 1390 1
1201 47 720 0
1203 122 3027 0
1208 116 2072 1
1210 1 3788 0
1214 173 2770 1
1215 159 3764 0
1218 67 3764 0
1221 86 2573 1
1223 87 3027 1
1224 9 2184 0
1230 139 2005 0
1233 173 2770 0
1233 170 260 0
1233 36 1415 0
1233 122 3542 1
1233 74 1390 0
1234 116 2072 0
1234 1 585 1
1235 74 720 1
1238 29 612 0
1239 18 2187 0
1239 34 3825 0
1240 86 2573 0
1242 15 3013 0
1247 52 1415 0
1250 43 1415 0
1252 87 3027 0
1252 148 2281 0
1252 74 720 0
1259 143 1710 0
1259 171 1049 0
1259 1 585 0
1260 61 3363 0
1260 122 3542 0
1
780 920 1630
0 0
