789 9684
778
540 154 3504 1
540 26 5254 1
543 580 2946 1
546 315 760 1
547 463 855 1
551 619 4235 1
551 601 7739 1
554 14 3504 1
554 315 760 0
555 695 1672 1
555 520 2963 1
556 26 5254 0
557 164 8603 1
557 695 1672 0
558 770 4320 1
558 426 4260 1
560 611 7310 1
560 374 5937 1
561 607 3150 1
562 315 3342 1
563 465 8533 1
571 465 8533 0
572 70 4827 1
572 181 760 1
573 317 2880 1
573 460 5226 1
574 300 2011 1
574 387 6201 1
574 14 3504 0
578 131 7929 1
582 587 2746 1
584 678 5937 1
584 605 7310 1
587 583 2746 1
588 515 7839 1
590 327 7752 1
590 322 4090 1
591 768 8876 1
591 761 6587 1
594 96 4400 1
597 131 7929 0
600 463 855 0
600 13 2389 1
601 86 250 1
602 44 4834 1
602 23 7839 1
603 407 3041 1
603 61 2092 1
605 272 2346 1
605 22 700 1
606 61 2092 0
606 242 5647 1
607 530 3333 1
607 74 1812 1
608 719 1813 1
608 96 4400 0
608 558 6203 1
610 526 4012 1
611 628 6399 1
611 322 4090 0
612 70 4827 0
613 120 7574 1
614 322 2085 1
614 558 6203 0
614 23 7839 0
615 173 5824 1
615 506 9313 1
618 287 5937 1
618 399 3870 1
618 642 5170 1
619 374 5937 0
619 583 2746 0
620 701 2011 1
620 710 7468 1
621 566 4090 1
622 649 5969 1
622 327 7752 0
623 680 5216 1
624 86 250 0
625 173 5824 0
625 457 249 1
625 583 403 1
627 722 8314 1
629 56 6107 1
630 702 3207 1
632 374 4833 1
632 120 7574 0
633 462 403 1
635 530 3333 0
636 61 3041 1
637 173 3122 1
639 407 3041 0
641 583 403 0
641 605 7310 0
642 120 6201 1
642 61 3041 0
642 722 8314 0
643 611 7310 0
643 17 5226 1
643 315 3342 0
643 714 64 1
645 649 5969 0
647 291 2746 1
648 485 7929 1
648 69 7739 1
649 96 5937 1
651 287 5937 0
652 48 7468 1
652 86 5216 1
653 678 5937 0
653 106 1146 1
654 131 5024 1
655 506 9313 0
657 87 8776 1
657 701 2011 0
658 22 700 0
659 465 2963 1
660 214 626 1
661 164 8603 0
662 48 7468 0
663 526 4012 0
663 173 3122 0
664 495 8776 1
664 242 5647 0
664 583 2731 1
666 327 4980 1
667 463 5937 1
668 474 1786 1
668 219 7752 1
668 553 7881 1
669 387 6201 0
669 680 5216 0
670 83 8873 1
673 164 2444 1
674 172 4980 1
675 173 4260 1
675 566 4090 0
678 358 3335 1
678 614 8533 1
679 609 7881 1
679 173 4260 0
679 407 760 1
679 612 855 1
680 214 626 0
682 733 8533 1
682 96 5937 0
683 16 4012 1
683 439 1146 1
683 485 7929 0
684 474 1786 0
684 328 1638 1
684 733 8533 0
684 546 2214 1
685 642 5170 0
687 587 2746 0
687 761 6587 0
687 48 729 1
688 291 2746 0
690 97 403 1
690 106 1146 0
691 317 2880 0
692 278 7468 1
693 13 2389 0
694 327 4980 0
696 376 3342 1
696 106 4235 1
697 290 2880 1
699 485 4249 1
699 702 3207 0
699 69 7739 0
700 70 4036 1
700 733 4500 1
701 611 2011 1
703 407 760 0
705 358 3335 0
707 713 2293 1
708 612 855 0
710 70 4036 0
710 463 5937 0
713 315 8533 1
713 426 4260 0
714 413 3870 1
714 96 8106 1
715 219 7752 0
715 74 1812 0
716 611 2011 0
717 374 4833 0
718 580 2946 0
718 649 4833 1
719 457 249 0
719 583 2731 0
720 74 3041 1
721 129 7929 1
721 87 8776 0
721 468 3074 1
722 714 64 0
723 526 4249 1
723 637 4074 1
723 583 6201 1
723 722 3041 1
724 164 2444 0
725 407 4834 1
726 719 1813 0
726 680 2946 1
726 96 8106 0
726 48 729 0
727 172 4980 0
728 328 1638 0
728 583 6201 0
728 713 2293 0
729 612 403 1
729 582 5937 1
730 242 3150 1
731 770 4320 0
732 148 5893 1
732 733 4500 0
735 460 5226 0
735 733 4090 1
735 214 2880 1
736 74 3041 0
737 128 7574 1
737 521 8776 1
738 315 8533 0
738 546 2214 0
738 642 729 1
739 71 8603 1
739 87 8127 1
740 684 9385 1
740 462 403 0
741 637 4074 0
741 519 6508 1
742 399 3870 0
745 71 8603 0
745 515 7839 0
746 582 5937 0
746 315 7882 1
746 214 2880 0
747 288 8375 1
747 413 3870 0
748 152 7415 1
752 374 8314 1
752 761 4090 1
753 152 7415 0
753 219 5393 1
755 506 9119 1
756 97 403 0
756 555 2746 1
757 322 2085 0
759 242 3150 0
759 628 6399 0
760 749 1567 1
760 719 1695 1
763 553 7881 0
765 61 6201 1
765 407 4834 0
766 83 8873 0
766 485 4249 0
767 17 5226 0
768 684 9385 0
768 649 4833 0
768 702 2092 1
771 128 7574 0
772 673 4833 1
773 87 8127 0
775 722 3041 0
776 553 7309 1
776 462 3870 1
776 710 7468 0
777 71 7617 1
778 272 2346 0
778 558 4827 1
778 152 249 1
778 172 6508 1
779 358 9385 1
780 463 8484 1
780 377 4074 1
783 376 3342 0
784 377 4074 0
785 23 7617 1
785 611 2880 1
786 189 1138 1
787 87 9620 1
787 327 7752 1
787 719 1695 0
788 328 7739 1
788 599 5288 1
789 69 8314 1
789 722 1824 1
790 291 1638 1
790 181 760 0
791 714 4235 1
791 733 4090 0
793 642 729 0
794 278 7468 0
794 605 4500 1
797 48 7082 1
797 328 7739 0
799 44 4834 0
800 219 5393 0
804 713 3333 1
805 328 1786 1
807 131 5024 0
807 546 1786 1
807 454 7415 1
807 214 3405 1
808 495 8776 0
809 722 1824 0
809 440 5393 1
810 48 7082 0
810 106 4235 0
811 710 2092 1
811 164 1411 1
812 601 7739 0
813 460 5226 1
813 331 1411 1
814 317 5393 1
814 426 5216 1
814 377 4500 1
815 462 3870 0
817 26 7904 1
822 87 9620 0
823 710 2092 0
823 440 5393 0
823 468 3074 0
824 173 7929 1
825 771 4988 1
826 315 7882 0
827 770 2011 1
828 649 4074 1
828 614 8533 0
828 164 1411 0
830 298 5288 1
830 86 5216 0
831 23 7617 0
831 761 4090 0
831 327 7752 0
833 26 7904 0
835 69 8314 0
835 702 2092 0
836 515 3041 1
836 181 8127 1
838 399 1138 1
838 193 403 1
840 553 7309 0
841 288 8375 0
842 16 4012 0
842 701 855 1
842 628 8533 1
842 553 6201 1
845 322 4834 1
846 83 1384 1
846 287 6107 1
848 376 2293 1
850 86 7904 1
851 738 4036 1
851 553 6201 0
852 526 4249 0
852 519 6508 0
854 520 2963 0
855 56 6107 0
855 521 8776 0
855 770 2011 0
857 48 9313 1
858 710 5170 1
858 673 4833 0
858 430 1567 1
859 48 9313 0
860 131 2746 1
860 642 6201 1
861 181 8127 0
861 377 4500 0
862 214 3405 0
863 287 6107 0
865 272 2293 1
866 298 5288 0
867 291 1638 0
867 582 2444 1
867 214 7617 1
868 566 2731 1
868 607 3150 0
868 462 8106 1
869 580 249 1
870 148 5893 0
870 26 4260 1
872 426 5216 0
872 331 1411 0
873 106 320 1
873 70 403 1
874 219 2214 1
874 317 5393 0
875 684 9620 1
877 506 9119 0
881 474 2214 1
881 738 4036 0
884 358 9385 0
885 245 9462 1
885 614 320 1
886 614 320 0
888 106 320 0
889 164 729 1
890 56 4980 1
890 491 2444 1
893 96 4827 1
894 440 2092 1
894 96 4827 0
894 515 3041 0
894 278 6203 1
895 582 2444 0
895 430 1567 0
896 320 760 1
900 521 250 1
901 245 9462 0
901 611 2880 0
901 530 2389 1
901 374 8314 0
903 407 6203 1
904 612 403 0
904 738 8375 1
905 609 7881 0
905 83 1384 0
905 16 3333 1
906 642 6201 0
906 104 3207 1
907 601 5647 1
907 56 4980 0
907 521 250 0
911 738 8375 0
911 612 403 1
912 322 4834 0
913 701 855 0
913 23 2946 1
914 173 7929 0
914 474 2214 0
915 328 1786 0
918 738 6107 1
918 454 7415 0
919 300 2011 0
919 587 4980 1
920 413 4833 1
921 628 8533 0
921 491 2444 0
921 612 403 0
922 14 7468 1
923 430 1485 1
923 611 2444 1
923 457 7881 1
924 164 729 0
925 26 4260 0
925 22 8876 1
929 719 3041 1
929 70 403 0
930 678 1146 1
932 96 9313 1
932 614 9273 1
932 599 5288 0
933 374 6107 1
933 44 9313 1
934 680 2946 0
934 607 5893 1
935 649 4074 0
937 245 5288 1
937 86 7904 0
938 172 6508 0
939 530 2389 0
942 710 5170 0
942 684 9620 0
944 71 7617 0
945 272 2293 0
946 245 5288 0
947 83 5024 1
949 413 4833 0
950 290 2880 0
950 315 8603 1
950 131 2746 0
954 377 3484 1
954 457 7881 0
956 701 2389 1
956 87 3484 1
957 612 855 1
957 558 4827 0
959 553 7309 1
960 462 8106 0
961 300 3504 1
962 555 2746 0
963 519 7752 1
965 457 4988 1
965 83 5024 0
966 485 3870 1
966 599 3405 1
966 22 8876 0
967 128 2389 1
969 454 3335 1
970 695 1695 1
970 607 5893 0
971 771 4988 0
971 48 4090 1
974 710 2214 1
977 454 3335 0
977 97 6406 1
977 322 8534 1
978 713 3333 0
981 430 1485 0
982 120 6201 0
982 614 9273 0
982 48 4090 0
983 611 2444 0
984 714 4235 0
984 580 249 0
984 520 8956 1
984 387 6406 1
986 749 1567 0
986 193 403 0
986 376 2293 0
987 520 8956 0
991 582 7027 1
992 128 2389 0
992 87 3484 0
992 491 5893 1
992 642 1812 1
993 315 8603 0
993 173 2880 1
995 637 1411 1
996 463 8484 0
996 605 4500 0
997 580 5969 1
998 770 7881 1
999 377 3484 0
1004 733 3484 1
1004 298 1138 1
1004 181 5451 1
1005 71 4074 1
1006 86 2092 1
1008 173 2880 0
1008 86 2092 0
1009 86 4249 1
1010 454 8484 1
1014 22 5216 1
1015 580 5969 0
1015 181 5451 0
1016 288 1567 1
1016 377 729 1
1018 457 4988 0
1018 582 7027 0
1019 566 2731 0
1019 164 7415 1
1019 710 2214 0
1021 519 7752 0
1022 555 7082 1
1022 649 3041 1
1023 519 8801 1
1023 86 4249 0
1024 374 6107 0
1025 287 4260 1
1025 298 1138 0
1025 485 3870 0
1029 26 1672 1
1030 16 3333 0
1033 14 7468 0
1033 526 2011 1
1033 387 6406 0
1036 278 6203 0
1037 768 8876 0
1040 519 8801 0
1040 290 5024 1
1040 495 3074 1
1040 83 8956 1
1043 13 3333 1
1044 580 3039 1
1045 83 8956 0
1045 642 1812 0
1045 148 5393 1
1046 172 3150 1
1046 673 9119 1
1047 506 6497 1
1048 120 4500 1
1048 374 3504 1
1050 749 7881 1
1051 290 5024 0
1051 120 4500 0
1052 770 7881 0
1053 16 1638 1
1053 104 3207 0
1054 22 5216 0
1054 300 3504 0
1054 272 2444 1
1054 680 626 1
1055 714 9385 1
1055 48 6508 1
1056 474 320 1
1056 680 626 0
1057 104 5451 1
1058 749 7881 0
1061 439 1146 0
1063 106 4827 1
1063 457 3164 1
1064 474 320 0
1064 684 1567 1
1067 426 4235 1
1068 770 7882 1
1069 611 4012 1
1070 722 1786 1
1070 148 5393 0
1071 129 7929 0
1072 614 6107 1
1072 104 5451 0
1072 320 760 0
1073 780 8603 1
1073 614 6107 0
1073 322 8534 0
1074 474 4988 1
1075 71 4074 0
1075 377 729 0
1076 546 1786 0
1077 287 4260 0
1077 131 4012 1
1077 242 3335 1
1078 430 7752 1
1079 558 7310 1
1081 290 8801 1
1081 320 6508 1
1083 164 7415 0
1084 642 8534 1
1085 26 1672 0
1086 17 7882 1
1086 148 1679 1
1087 684 1567 0
1089 555 7082 0
1089 104 2085 1
1090 291 7752 1
1090 376 1813 1
1090 701 2389 0
1090 44 9313 0
1090 761 5216 1
1093 14 5393 1
1094 48 6508 0
1096 193 7839 1
1096 768 4833 1
1097 104 2085 0
1098 673 9119 0
1100 97 6406 0
1100 317 1384 1
1100 328 9273 1
1103 582 9385 1
1105 749 6406 1
1106 605 5034 1
1106 407 6203 0
1107 678 1146 0
1107 287 5393 1
1108 172 3150 0
1109 474 4988 0
1109 628 855 1
1110 272 2444 0
1111 468 4249 1
1113 129 3041 1
1114 148 1679 0
1114 714 9385 0
1115 317 1384 0
1115 439 4980 1
1122 761 5216 0
1124 612 855 0
1125 17 7882 0
1126 684 249 1
1126 637 1411 0
1126 173 7618 1
1128 465 2963 0
1129 768 4833 0
1129 749 6406 0
1135 74 3405 1
1135 733 3484 0
1136 468 4249 0
1137 738 6107 0
1137 327 7082 1
1137 768 8876 1
1140 290 8801 0
1140 605 5034 0
1140 61 6201 0
1141 128 3504 1
1144 722 1786 0
1144 628 855 0
1147 320 6508 0
1149 69 8873 1
1149 614 5937 1
1149 13 3333 0
1150 506 6497 0
1151 131 4012 0
1152 566 7468 1
1153 315 5937 1
1154 521 403 1
1155 69 8873 0
1156 768 8876 0
1159 701 7202 1
1160 219 2214 0
1160 649 3041 0
1160 430 7752 0
1163 74 3405 0
1164 298 729 1
1166 457 3164 0
1168 463 2963 1
1169 440 2092 0
1169 214 7617 0
1169 599 3405 0
1170 526 2011 0
1171 439 4980 0
1172 291 7752 0
1174 376 1813 0
1174 189 1138 0
1176 701 7202 0
1176 614 5937 0
1177 23 2946 0
1178 48 7752 1
1180 328 9273 0
1181 454 8484 0
1183 553 7309 0
1187 193 7839 0
1188 695 1695 0
1190 780 8603 0
1193 521 403 0
1193 770 7882 0
1194 96 9313 0
1195 16 1638 0
1195 17 7617 1
1195 48 7752 0
1196 374 3504 0
1201 413 760 1
1203 300 5893 1
1208 649 8534 1
1209 495 3074 0
1211 463 2963 0
1212 17 7617 0
1212 413 760 0
1213 611 4012 0
1213 566 7468 0
1214 152 249 0
1215 106 4827 0
1215 582 9385 0
1216 439 2629 1
1216 426 4235 0
1218 399 1138 0
1221 684 249 0
1221 128 3504 0
1223 460 5226 0
1223 719 3041 0
1224 148 9385 1
1227 587 4980 0
1228 242 3335 0
1229 154 3504 0
1230 642 8534 0
1231 387 7752 1
1231 439 2629 0
1232 387 7752 0
1235 278 9385 1
1237 713 4249 1
1238 702 5170 1
1239 327 7082 0
1239 129 3041 0
1241 315 5937 0
1241 288 1567 0
1241 278 9385 0
1241 649 8534 0
1241 154 2092 1
1242 287 5393 0
1244 580 3039 0
1244 48 7618 1
1246 48 7618 0
1247 702 5170 0
1247 582 2092 1
1250 173 7618 0
1250 558 7310 0
1251 148 9385 0
1253 300 5893 0
1255 619 4235 0
1256 154 2092 0
1257 713 4249 0
1258 491 5893 0
1258 582 2092 0
1259 14 5393 0
1260 601 5647 0
1260 298 729 0
1
611 968 8533
0 0
