98
0
0
0
0
0
21
44
41
69
71
101
116
96
0
0
128
257
132
0
186
103
0
149
0
0
352
0
50
66
23
5
70
0
5
0
73
0
167
0
0
0
306
65
13
224
9
0
323
0
0
116
0
58
241
0
0
69
35
34
38
170
113
121
136
35
0
150
0
0
68
6
0
17
115
105
39
102
0
57
0
122
0
30
36
49
21
0
138
0
178
82
27
78
0
0
0
91
82
6
49
0
74
1
38
95
112
105
0
0
254
0
54
153
229
34
177
0
109
388
232
96
23
0
0
8
248
89
0
92
5
0
0
207
0
30
206
0
36
471
1
119
107
272
62
121
65
232
31
190
58
128
0
28
0
81
5
3
57
60
51
83
0
0
0
166
58
67
125
9
0
0
28
263
69
107
0
188
7
18
0
94
23
101
27
195
0
124
99
79
5
0
152
0
97
3
0
0
0
189
58
68
0
57
0
29
46
0
0
19
99
85
0
0
167
0
144
207
0
37
123
0
114
0
128
0
159
0
27
90
137
144
0
57
0
0
8
0
37
268
0
0
172
81
0
276
132
10
82
0
23
57
152
134
22
252
187
61
79
172
0
132
36
0
0
65
0
0
128
0
323
49
0
0
126
7
0
0
0
0
49
25
0
0
66
0
94
136
0
198
61
13
0
21
194
4
20
0
259
136
0
0
0
41
0
0
112
96
29
0
11
231
128
0
30
87
265
0
21
0
30
0
0
0
158
0
0
0
50
45
0
26
223
148
13
0
358
49
92
0
54
131
188
238
53
0
0
83
0
146
0
15
96
235
0
13
234
102
145
12
142
22
12
106
133
89
448
0
0
237
95
156
23
15
0
65
0
0
111
265
275
0
157
68
375
0
143
0
126
0
0
152
148
0
110
0
0
157
148
3
0
77
89
3
37
33
29
129
179
67
32
99
33
359
3
119
0
3
0
0
0
0
213
267
0
0
0
203
5
65
0
165
0
0
1
58
141
0
137
96
117
44
44
37
0
208
0
243
52
33
53
50
